%YAML:1.0
---
calibration_time: "Sat Mar  4 21:14:40 2017"
image_width: 1280
image_height: 720
flags: 0
camera_matrix: !!opencv-matrix
   rows: 3
   cols: 3
   dt: d
   data: [ 6.7582239229847778e+02, 0., 6.6211033232944033e+02, 0.,
       6.7462695224232050e+02, 3.6649885225059978e+02, 0., 0., 1. ]
distortion_coefficients: !!opencv-matrix
   rows: 1
   cols: 5
   dt: d
   data: [ -3.1912574565519641e-01, 1.3675260889573890e-01,
       4.2947243390814452e-04, 3.4593252360131559e-04,
       -3.2476513709513821e-02 ]
avg_reprojection_error: 3.9150558678142844e-01
